TRIPLE AGN SYSTEMS - QUICK REFERENCE
======================================================================

 redshift       BH1_id       BH2_id       BH3_id  BH1_halo_pynbody  BH2_halo_pynbody  BH3_halo_pynbody  num_unique_halos
     0.21 1981809013.0 1981809455.0 1982123566.0           55611.0           55611.0           55611.0                 1
     0.25 1981809606.0 1982495406.0 1983048877.0           46466.0           46466.0           46466.0                 1
     0.29 1981809936.0 1981810795.0 1981827033.0           68672.0           68672.0           68672.0                 1
     0.31 1982209764.0 1981808887.0 1982310818.0           93972.0           93972.0           93972.0                 1
     0.50 1981808650.0 1981811794.0 1982319035.0           70163.0           70163.0           70163.0                 1
     0.52 1981809748.0 1981811794.0 1982319035.0           67728.0           67728.0           67728.0                 1
     0.64 1981988797.0 1982190331.0 1982215810.0           67940.0           67940.0           67940.0                 1
     0.70 1981809606.0 1981813029.0 1981844761.0           51905.0           51905.0           51905.0                 1
     0.77 1981808792.0 1981808997.0 1982953950.0           95927.0           95927.0           95927.0                 1
     0.77 1981811972.0 1981945667.0 1982053293.0           94699.0           94699.0           94699.0                 1
     0.77 1981817577.0 1982163700.0 1983514870.0           45213.0           45213.0           45213.0                 1
     0.77 1982190331.0 1982215810.0 1983007195.0           69638.0           69638.0           69638.0                 1
     0.84 1982076614.0 1982265886.0 1983756145.0          115436.0          115436.0          115436.0                 1
     0.91 1981809455.0 1981812636.0 1982253278.0           66434.0           66434.0           66434.0                 1
     0.91 1981809936.0 1982192857.0 1982438806.0           77998.0           77998.0           77998.0                 1
     0.98 1981839323.0 1981863937.0 1982231187.0          114422.0          114422.0          114422.0                 1
     1.00 1981925789.0 1981809097.0 1982241422.0           37820.0           37820.0           37820.0                 1
     1.06 1981809097.0 1982241422.0 1982385665.0           38161.0           38161.0           38161.0                 1
     1.14 1982609533.0 1981810971.0 1982816159.0          109341.0          109341.0          109341.0                 1
     1.19 1981808916.0 1982379053.0 1982807176.0           89425.0           89425.0           89425.0                 1
     1.19 1981810971.0 1982033306.0 1982330381.0          109838.0          109838.0          109838.0                 1
     1.22 1981810195.0 1982245919.0 1982259168.0           24095.0           24095.0           24095.0                 1
     1.32 1981808792.0 1981811455.0 1983251148.0          101310.0          101310.0          101310.0                 1
     1.48 1981808650.0 1982040170.0 1982607859.0           77960.0           77960.0           77960.0                 1
     1.48 1981814168.0 1982130233.0 1982194976.0          114939.0          114939.0          114939.0                 1
     1.50 1981810849.0 1981985461.0 1982072103.0          110151.0          110151.0          110151.0                 1
     1.59 1982163700.0 1981817577.0 1982224093.0           50151.0           50151.0           50151.0                 1
     1.67 1981808997.0 1981811455.0 1983251148.0          103470.0          103470.0          103470.0                 1
     1.67 1981810590.0 1981826424.0 1982777836.0           58993.0           58993.0           58993.0                 1
     1.79 1981808887.0 1982096562.0 1983464709.0          107263.0          107263.0          107263.0                 1
     1.79 1981808997.0 1981810104.0 1981870146.0          103286.0          103286.0          103286.0                 1
     1.79 1981810910.0 1981817577.0 1982667197.0           50756.0           50756.0           50756.0                 1
     1.90 1981808997.0 1981815280.0 1982097852.0          103479.0          103479.0          103479.0                 1
     1.90 1981810590.0 1982495406.0 1982599482.0           58948.0           58948.0           58948.0                 1
     1.90 1981814060.0 1981860970.0 1981871678.0           62831.0           62831.0           62831.0                 1
     2.00 1981808889.0 1981808959.0 1982646574.0          123032.0          123032.0          123032.0                 1
     2.00 1981810590.0 1981838687.0 1982777836.0           59864.0           59864.0           59864.0                 1
     2.00 1981814060.0 1981871678.0 1982238544.0           62992.0           62992.0           62992.0                 1
     2.01 1981808889.0 1981808959.0 1982646574.0          123025.0          123025.0          123025.0                 1
     2.01 1984091145.0 1981808707.0 2000729893.0          123026.0          123030.0          123026.0                 2
     2.25 1981808792.0 1981808997.0 1981811455.0          102653.0          102653.0          102653.0                 1
     2.25 1981809013.0 1981810903.0 1982929044.0           73819.0           73819.0           73819.0                 1
     2.25 1981810104.0 1982791659.0 1983245690.0          102652.0          102652.0          102652.0                 1
     2.25 1981810910.0 1981817577.0 1983190865.0           43942.0           43942.0           43942.0                 1
     2.25 1981833522.0 1982128028.0 1982304487.0          100787.0          100787.0          100787.0                 1
     2.38 1981808889.0 1981808959.0 1982102827.0          121567.0          121567.0          121567.0                 1
     2.38 1981984676.0 1982443965.0 1983265601.0           90076.0           90076.0           90076.0                 1
     2.50 1982593032.0 1982614376.0 1983197252.0           61183.0           61183.0           61183.0                 1
     2.51 1981808887.0 1982096562.0 1982294342.0          105928.0          105928.0          105928.0                 1
     2.52 1981808887.0 1982096562.0 1982209764.0          105842.0          105842.0          105842.0                 1
     2.52 1981839323.0 1982125023.0 1983117804.0          118178.0          118178.0          118178.0                 1
     2.52 1981890562.0 1982041737.0 1982433018.0          114145.0          114145.0          114145.0                 1
     2.65 1981808660.0 1982126683.0 1982186600.0           77995.0           77995.0           77995.0                 1
     2.65 1981808887.0 1982096562.0 1982142775.0          103992.0          103992.0          103992.0                 1
     2.65 1981813029.0 1982252697.0 1982350594.0           58592.0           58592.0           58592.0                 1
     2.65 1981817427.0 1982259168.0 1982494268.0           25739.0           25746.0           25746.0                 2
     2.65 1981826424.0 1982357923.0 1982495406.0           60676.0           60669.0           60676.0                 2
     2.79 1981808660.0 1981813781.0 1982040170.0           77156.0           77156.0           77156.0                 1
     2.79 1981811108.0 1981833629.0 1984156384.0           83018.0           83009.0           83018.0                 2
     2.79 1981811918.0 1981829732.0 1982173321.0           19512.0           19512.0           19512.0                 1
     2.79 1981821217.0 1981825173.0 1982870188.0          101288.0          101288.0          101288.0                 1
     2.79 1981839323.0 1982125023.0 1983000859.0          116000.0          116000.0          116000.0                 1
     2.93 1981808650.0 1981813781.0 1982040170.0           76443.0           76443.0           76443.0                 1
     2.93 1981808959.0 1981815952.0 1982181437.0          117455.0          117455.0          117455.0                 1
     2.93 1981808997.0 1981811455.0 1982359789.0          100591.0          100599.0          100591.0                 2
     2.93 1981810761.0 1981818362.0 1982474749.0           94728.0           94728.0           94728.0                 1
     2.93 1981811972.0 1982047724.0 1982200232.0           70570.0           70570.0           70570.0                 1
     2.93 1981815303.0 1982245919.0 1982477778.0           25185.0           25185.0           25185.0                 1
     2.93 1981826424.0 1981844761.0 1982495406.0           58662.0           58662.0           58662.0                 1
     2.93 1981854146.0 1982370541.0 1982420747.0           96746.0           96746.0           96746.0                 1
     2.98 1981809775.0 1981814844.0 1982956101.0           60333.0           60333.0           60338.0                 2
     2.98 1981824322.0 1982552077.0 1983239500.0           80038.0           80038.0           80038.0                 1
     2.98 1982028670.0 1982341813.0 1982370036.0            8418.0            8418.0            8418.0                 1
     3.00 1981808997.0 1981809470.0 1983251148.0           99072.0           99072.0           99072.0                 1
     3.00 1981810849.0 1981985461.0 1982196661.0          105112.0          105112.0          105112.0                 1
     3.00 1981814844.0 1981816385.0 1982860481.0           60105.0           60114.0           60105.0                 2
     3.00 1981978879.0 1982102827.0 1982740097.0          118031.0          118031.0          118031.0                 1

Column definitions:
  BH1/2/3_id: Black hole particle ID (iord) - unique identifier
  BH1/2/3_halo_pynbody: Pynbody/AHF halo ID
  num_unique_halos: Number of distinct halos (1, 2, or 3)
